-1564.87624214,-1251.319566572;                                3P      2
-1579.69177387,-1265.255989662;                                5P      3
-1622.6296636,-1249.502755902;                                 7P      4
-1637.38928828,-1262.648651558;                                9P      5
-1607.86967271,-1236.356860248;                               11P      6
-1593.10980389,-1223.211086658;                               13P      7
-1579.02250295,-1237.295294918;                               15P      8
-1593.82826961,-1250.852323458;                               17P      9
-1608.6339142,-1264.409352008;                                19P     10
-1623.43968087,-1277.966502618;                               21P     11
-1550.72998132,-1265.343838222;                               23P     12
-1594.50730561,-1279.192534832;                               25P     13
-1609.3225932,-1293.129080002;                                27P     14
-1595.03985634,-1308.136017472;                               29P     15
-1580.26985731,-1293.872201868;                               31P     16
-1565.50010242,-1279.608020052;                               33P     17
-1551.25337734,-1293.907071832;                               35P     18
-1565.9229121,-1308.445667578;                                37P     19
-1536.58396464,-1279.368231952;                               39P     20
-1580.59256893,-1322.984263318;                               41P     21
-1548.85169041,-1345.926966578;                               43P     22
-1535.76357478,-1332.617499128;                               45P     23
-1522.67521501,-1319.308153742;                               47P     24
-1509.58685524,-1305.998930428;                               49P     25
-1496.05692833,-1319.411142428;                               51P     26
-1511.00934067,-1390.000276522;                               53P     27
-1493.74285876,-1391.487678222;                               55P     28
-1489.8650274,-1407.795167952;                                57P     29
-1471.22990434,-1401.561620282;                               59P     30
-1457.92914555,-1385.962357568;                               61P     31
-1418.578646193,-1398.022553337;                              63P     32
-1433.650648273,-1416.359871437;                              65P     33
-1450.482491783,-1435.762060593;                              67P     34
-1415.522443161,-1429.889763166;                              69P     35
-1398.389138021,-1409.027217396;                              71P     36
-1399.189681981,-1443.824214812;                              73P     37
-1432.64413898,-1450.730021992;                               75P     38
-1382.630107361,-1423.158446282;                              77P     39
-1366.661481931,-1437.065798262;                              79P     40
-1350.486923831,-1450.745489142;                              81P     41
-1366.003529611,-1471.015261796;                              83P     42
-1398.68657935,-1477.988395928;                               85P     43
-1380.47073958,-1492.23272544;                                87P     44
-1332.217029041,-1465.723398232;                              89P     45
-1315.346169601,-1479.484647326;                              91P     46
-1329.287147591,-1498.402869552;                              93P     47
-1343.228125591,-1517.321091782;                              95P     48
-1320.944111621,-1530.903767681;                              97P     49
-1308.723417331,-1514.320202591;                              99P     50
-1296.502723041,-1497.736637501;                             101P     51
-1280.265742841,-1509.042012601;                             103P     52
-1304.117312491,-1543.649064091;                             105P     53
-1263.071286881,-1520.749291556;                             107P     54
-1245.745117011,-1532.260525606;                             109P     55
-1228.378663881,-1543.531403201;                             111P     56
-1270.183479181,-1569.500511581;                             113P     57
-1447.624079549,-1367.999993903;                             115P     58
-1466.874079549,-1367.999993903;                             117P     59
-1477.253669809,-1337.999993903;                             119P     60
-1498.453669811,-1337.999993895;                             121P     61
-1486.124079551,-1367.999993895;                             123P     62
-1505.374079549,-1367.999993903;                             125P     63
-1518.853669809,-1348.010012893;                             127P     64
-1524.624079549,-1367.999993903;                             129P     65
next_sketch
-1518.85366979,-1348.01001838;                               135P     71
-1524.62407953,-1367.99999939;                               137P     72
-1505.37407953,-1367.99999939;                               139P     73
-1498.45366979,-1337.99999939;                               141P     74
-1486.12407953,-1367.99999939;                               143P     75
-1466.87407953,-1367.99999939;                               145P     76
-1477.25366979,-1337.99999939;                               147P     77
-1447.62407953,-1367.99999939;                               149P     78
-1595.23379649,-1221.09125835;                               151P     79
-1609.9938096,-1234.23700701;                                153P     80
-1624.75357854,-1247.38275568;                               155P     81
-1639.51334749,-1260.52850435;                               157P     82
-1610.75822052,-1262.28949748;                               159P     83
-1595.9523089,-1248.73261601;                                161P     84
-1581.14639728,-1235.17549039;                               163P     85
-1567.00040428,-1249.199908;                                 165P     86
-1581.81583748,-1263.13618401;                               167P     87
-1625.56364386,-1275.84637896;                               169P     88
-1596.63151482,-1277.07270416;                               171P     89
-1611.44670387,-1291.00898017;                               173P     90
-1597.16399235,-1306.01630798;                               175P     91
-1582.39396924,-1291.75239524;                               177P     92
-1567.62419026,-1277.48823836;                               179P     93
-1552.85416715,-1263.22408147;                               181P     94
-1538.70793001,-1277.24849908;                               183P     95
-1553.37761139,-1291.7873142;                                185P     96
-1568.04704863,-1306.32588517;                               187P     97
-1582.71673002,-1320.86470029;                               189P     98
-1550.73821321,-1317.89156325;                               191P     99
-1537.64983097,-1304.58199583;                               193P    100
-1524.56169287,-1291.27267255;                               195P    101
-1563.82659546,-1331.20088654;                               197P    102
-1533.42139869,-1330.9482132;                                199P    103
-1521.26791254,-1318.58952319;                               201P    104
-1509.11442638,-1306.23083318;                               203P    105
-1545.57488484,-1343.30690321;                               205P    106
-1496.05828112,-1319.41208399;                               207P    107
-1511.01093473,-1390.00070456;                               209P    108
-1489.8666515,-1407.79587583;                                211P    109
-1453.54865779,-1407.7958844;                                213P    110
-1454.57929301,-1388.98997567;                               215P    111
-1438.37531352,-1390.00120998;                               217P    112
-1428.07158142,-1408.11909617;                               219P    113
-1416.8530981,-1397.12658137;                                221P    114
-1404.629274,-1408.45352859;                                 223P    115
-1413.96516536,-1422.95223863;                               225P    116
-1439.52742202,-1422.00303352;                               227P    117
-1450.98326261,-1435.88697087;                               229P    118
-1423.29799331,-1437.4461912;                                231P    119
-1396.60907721,-1438.54151597;                               233P    120
-1387.29709894,-1424.07994313;                               235P    121
-1432.60747113,-1451.90388082;                               237P    122
-1405.91855502,-1452.99920559;                               239P    123
-1390.89045209,-1466.06289612;                               241P    124
-1381.59902304,-1451.63323637;                               243P    125
-1415.22803284,-1467.45689521;                               245P    126
-1452.07080123,-1473.86868313;                               247P    127
-1437.24857647,-1485.66435791;                               249P    128
-1422.33626459,-1497.34675081;                               251P    129
-1400.00553891,-1480.21767757;                               253P    130
-1381.61361857,-1494.44812434;                               255P    131
-1373.0396937,-1481.13377149;                                257P    132
-1363.76724777,-1466.73359267;                               259P    133
-1350.09246319,-1487.8566653;                                261P    134
-1410.1423521,-1506.76365942;                                263P    135
-1397.88972431,-1516.1050061;                                265P    136
-1364.48079707,-1507.38166937;                               267P    137
-1335.70388516,-1468.33166124;                               269P    138
-1318.5231123,-1480.42010154;                                271P    139
-1332.91305417,-1499.94749937;                               273P    140
-1347.31735849,-1519.4641927;                                275P    141
-1328.76936658,-1532.80939769;                               277P    142
-1315.21737777,-1513.77297549;                               279P    143
-1301.4689367,-1494.4062957;                                 281P    144
-1283.33367496,-1506.89616415;                               283P    145
-1296.81097142,-1526.6134487;                                285P    146
-1310.28814579,-1546.33073323;                               287P    147
-1279.07715558,-1539.65437537;                               289P    148
-1292.12597003,-1558.74540759;                               291P    149
-1260.538361,-1552.34384703;                                 293P    150
-1241.82060511,-1564.76782426;                               295P    151
-1213.01086572,-1556.63841713;                               297P    152
-1225.01530374,-1575.5951771;                                299P    153
-1253.90730262,-1583.87120076;                               301P    154
-1272.92351829,-1570.98514953;                               303P    155
-1237.01961969,-1594.55193706;                               305P    156
-1216.90172781,-1606.9557918;                                307P    157
-1196.63134548,-1619.10847432;                               309P    158
-1468.72212413,-1425.59068089;                               311P    159
next_sketch
-1518.85366981,-1348.01001919;                               317P    168
-1498.45366981,-1338.0000002;                                319P    169
-1477.25366981,-1338.0000002;                                321P    170
-1505.37407955,-1368.0000002;                                323P    171
-1524.62407955,-1368.0000002;                                325P    172
-1486.12407955,-1368.0000002;                                327P    173
-1466.87407955,-1368.0000002;                                329P    174
-1447.62407955,-1368.0000002;                                331P    175
-1595.23379649,-1221.09125835;                               333P    176
-1609.9938096,-1234.23700701;                                335P    177
-1624.75357854,-1247.38275568;                               337P    178
-1639.51334749,-1260.52850435;                               339P    179
-1625.56364386,-1275.84637896;                               341P    180
-1610.75822052,-1262.28949748;                               343P    181
-1595.9523089,-1248.73261601;                                345P    182
-1581.14639728,-1235.17549039;                               347P    183
-1567.00040428,-1249.199908;                                 349P    184
-1581.81583748,-1263.13618401;                               351P    185
-1596.63151482,-1277.07270416;                               353P    186
-1611.44670387,-1291.00898017;                               355P    187
-1582.39396924,-1291.75239524;                               357P    188
-1567.62419026,-1277.48823836;                               359P    189
-1552.85416715,-1263.22408147;                               361P    190
-1538.70793001,-1277.24849908;                               363P    191
-1553.37761139,-1291.7873142;                                365P    192
-1597.16399235,-1306.01630798;                               367P    193
-1568.04704863,-1306.32588517;                               369P    194
-1537.64952278,-1304.58237388;                               371P    195
-1524.56138572,-1291.27304958;                               373P    196
-1509.58579209,-1305.99706581;                               375P    197
-1550.73790398,-1317.89194233;                               377P    198
-1563.82628518,-1331.20126664;                               379P    199
-1582.71673002,-1320.86470029;                               381P    200
-1548.8509012,-1345.92514123;                                383P    201
-1535.7625315,-1332.61578275;                                385P    202
-1522.6741618,-1319.30642428;                                387P    203
-1496.05828112,-1319.41208399;                               389P    204
-1511.01093473,-1390.00070456;                               391P    205
-1489.8666515,-1407.79587583;                                393P    206
-1454.57929301,-1388.98997567;                               395P    207
-1438.37531352,-1390.00120998;                               397P    208
-1453.54865779,-1407.7958844;                                399P    209
-1468.72212413,-1425.59068089;                               401P    210
-1450.98326261,-1435.88697087;                               403P    211
-1439.52742202,-1422.00303352;                               405P    212
-1428.07158142,-1408.11909617;                               407P    213
-1416.8530981,-1397.12658137;                                409P    214
-1404.629354077,-1408.453499969;                             411P    215
-1413.965244297,-1422.952210729;                             413P    216
-1423.298071117,-1437.446164029;                             415P    217
-1452.070773516,-1473.868650625;                             417P    218
-1432.607551592,-1451.903850625;                             419P    219
-1405.918631617,-1452.999177059;                             421P    220
-1387.297181572,-1424.079909395;                             423P    221
-1372.305603567,-1437.200333459;                             425P    222
-1390.890527657,-1466.062866409;                             427P    223
-1415.228112092,-1467.456863655;                             429P    224
-1400.00553891,-1480.21767757;                               431P    225
-1437.248548498,-1485.664325095;                             433P    226
-1422.336236618,-1497.346718005;                             435P    227
-1410.142324128,-1506.763626615;                             437P    228
-1397.889696328,-1516.104973295;                             439P    229
-1381.61361857,-1494.44812434;                               441P    230
-1373.039771882,-1481.133736635;                             443P    231
-1363.767327072,-1466.733557095;                             445P    232
-1354.493265842,-1452.330867235;                             447P    233
-1350.09246319,-1487.8566653;                                449P    234
-1335.70388516,-1468.33166124;                               451P    235
-1364.48079707,-1507.38166937;                               453P    236
-1347.31735849,-1519.4641927;                                455P    237
-1332.91305417,-1499.94749937;                               457P    238
-1318.5231123,-1480.42010154;                                459P    239
-1301.4689367,-1494.4062957;                                 461P    240
-1315.21737777,-1513.77297549;                               463P    241
-1328.76936658,-1532.80939769;                               465P    242
-1296.81097142,-1526.6134487;                                467P    243
-1283.33367496,-1506.89616415;                               469P    244
-1279.07715558,-1539.65437537;                               471P    245
-1310.28814579,-1546.33073323;                               473P    246
-1292.12597003,-1558.74540759;                               475P    247
-1260.53835514,-1552.34385528;                               477P    248
-1272.92351829,-1570.98514953;                               479P    249
-1253.90729676,-1583.87120901;                               481P    250
-1241.82059925,-1564.76783251;                               483P    251
-1225.01530374,-1575.5951771;                                485P    252
-1237.01961969,-1594.55193706;                               487P    253
-1216.90172781,-1606.9557918;                                489P    254
-1196.63134548,-1619.10847432;                               491P    255
next_sketch
-1477.25366981,-1338.;                                       497P    264
-1498.45366981,-1338.;                                       499P    265
-1518.85366981,-1348.01001899;                               501P    266
-1524.62407955,-1368.;                                       503P    267
-1505.37407955,-1368.;                                       505P    268
-1486.12407955,-1368.;                                       507P    269
-1466.87407955,-1368.;                                       509P    270
-1447.62407955,-1368.;                                       511P    271
-1595.23379649,-1221.09125835;                               513P    272
-1609.9938096,-1234.23700701;                                515P    273
-1624.75357854,-1247.38275568;                               517P    274
-1639.51334749,-1260.52850435;                               519P    275
-1625.56364386,-1275.84637896;                               521P    276
-1610.75822052,-1262.28949748;                               523P    277
-1595.9523089,-1248.73261601;                                525P    278
-1581.14639728,-1235.17549039;                               527P    279
-1567.00040428,-1249.199908;                                 529P    280
-1581.81583748,-1263.13618401;                               531P    281
-1596.63151482,-1277.07270416;                               533P    282
-1611.44670387,-1291.00898017;                               535P    283
-1597.16399235,-1306.01630798;                               537P    284
-1582.39396924,-1291.75239524;                               539P    285
-1567.62419026,-1277.48823836;                               541P    286
-1552.85416715,-1263.22408147;                               543P    287
-1538.70793001,-1277.24849908;                               545P    288
-1553.37761139,-1291.7873142;                                547P    289
-1568.04704863,-1306.32588517;                               549P    290
-1582.71673002,-1320.86470029;                               551P    291
-1563.82659546,-1331.20088654;                               553P    292
-1550.73821321,-1317.89156325;                               555P    293
-1537.64983097,-1304.58199583;                               557P    294
-1524.56169287,-1291.27267255;                               559P    295
-1509.11442638,-1306.23083318;                               561P    296
-1521.26791254,-1318.58952319;                               563P    297
-1533.42139869,-1330.9482132;                                565P    298
-1545.57488484,-1343.30690321;                               567P    299
-1511.01093473,-1390.00070456;                               569P    300
-1471.6233721,-1402.29770618;                                571P    301
-1453.54865779,-1407.7958844;                                573P    302
-1454.57929301,-1388.98997567;                               575P    303
-1438.37531352,-1390.00120998;                               577P    304
-1468.72212413,-1425.59068089;                               579P    305
-1450.98326261,-1435.88697087;                               581P    306
-1428.07158142,-1408.11909617;                               583P    307
-1416.8530981,-1397.12658137;                                585P    308
-1404.6296809,-1408.4531252;                                 587P    309
-1413.96557225,-1422.95183524;                               589P    310
-1423.29840021,-1437.4457878;                                591P    311
-1432.60787803,-1451.90347742;                               593P    312
-1387.29750583,-1424.07953973;                               595P    313
-1372.30593264,-1437.19996122;                               597P    314
-1405.91896192,-1452.9988022;                                599P    315
-1354.49359231,-1452.33050014;                               601P    316
-1415.22843974,-1467.45649182;                               603P    317
-1390.89085899,-1466.06249272;                               605P    318
-1363.76765467,-1466.73318928;                               607P    319
-1400.00553891,-1480.21767757;                               609P    320
-1373.0401006,-1481.1333681;                                 611P    321
-1381.61361857,-1494.44812434;                               613P    322
-1452.070773516,-1473.868650625;                             615P    323
-1437.248548498,-1485.664325095;                             617P    324
-1422.336236618,-1497.346718005;                             619P    325
-1410.142324128,-1506.763626615;                             621P    326
-1397.889696586,-1516.104973595;                             623P    327
-1364.48079707,-1507.38166937;                               625P    328
-1350.09246319,-1487.8566653;                                627P    329
-1335.70388516,-1468.33166124;                               629P    330
-1318.5231123,-1480.42010154;                                631P    331
-1332.91305417,-1499.94749937;                               633P    332
-1347.31735849,-1519.4641927;                                635P    333
-1328.76936658,-1532.80939769;                               637P    334
-1315.21737777,-1513.77297549;                               639P    335
-1301.4689367,-1494.4062957;                                 641P    336
-1283.33367496,-1506.89616415;                               643P    337
-1296.81097142,-1526.6134487;                                645P    338
-1310.28814579,-1546.33073323;                               647P    339
-1279.07715558,-1539.65437537;                               649P    340
-1265.73156046,-1520.12980643;                               651P    341
-1292.12597003,-1558.74540759;                               653P    342
-1272.92351829,-1570.98514953;                               655P    343
-1260.53835514,-1552.34385528;                               657P    344
-1241.82059925,-1564.76783251;                               659P    345
-1225.01530374,-1575.5951771;                                661P    346
-1253.90729676,-1583.87120901;                               663P    347
-1237.01961969,-1594.55193706;                               665P    348
-1216.90172781,-1606.9557918;                                667P    349
-1196.63134548,-1619.10847432;                               669P    350
-1496.05828112,-1319.41208399;                               671P    351
next_sketch
-1477.25366981,-1338.0000004;                                677P    360
-1498.45366981,-1338.0000004;                                679P    361
-1518.85366981,-1348.01001939;                               681P    362
-1524.62407955,-1368.0000004;                                683P    363
-1505.37407955,-1368.0000004;                                685P    364
-1486.12407955,-1368.0000004;                                687P    365
-1466.87407955,-1368.0000004;                                689P    366
-1447.62407955,-1368.0000004;                                691P    367
-1639.51334749,-1260.52850435;                               693P    368
-1624.75357854,-1247.38275568;                               695P    369
-1609.9938096,-1234.23700701;                                697P    370
-1595.23379649,-1221.09125835;                               699P    371
-1595.9523089,-1248.73261601;                                701P    372
-1610.75822052,-1262.28949748;                               703P    373
-1625.56364386,-1275.84637896;                               705P    374
-1581.14639728,-1235.17549039;                               707P    375
-1567.00040428,-1249.199908;                                 709P    376
-1581.81583748,-1263.13618401;                               711P    377
-1596.63151482,-1277.07270416;                               713P    378
-1611.44670387,-1291.00898017;                               715P    379
-1597.16399235,-1306.01630798;                               717P    380
-1582.39396924,-1291.75239524;                               719P    381
-1567.62419026,-1277.48823836;                               721P    382
-1552.85416715,-1263.22408147;                               723P    383
-1538.70793001,-1277.24849908;                               725P    384
-1553.37761139,-1291.7873142;                                727P    385
-1568.04704863,-1306.32588517;                               729P    386
-1582.71673002,-1320.86470029;                               731P    387
-1563.82659546,-1331.20088654;                               733P    388
-1550.73821321,-1317.89156325;                               735P    389
-1537.64983097,-1304.58199583;                               737P    390
-1524.56169287,-1291.27267255;                               739P    391
-1509.11442052,-1306.23084144;                               741P    392
-1521.26790668,-1318.58953145;                               743P    393
-1533.42139283,-1330.94822146;                               745P    394
-1545.57487898,-1343.30691147;                               747P    395
-1496.05828112,-1319.41208399;                               749P    396
-1511.01093473,-1390.00070456;                               751P    397
-1489.8666515,-1407.79587583;                                753P    398
-1454.57929301,-1388.98997567;                               755P    399
-1438.37531352,-1390.00120998;                               757P    400
-1453.54865779,-1407.7958844;                                759P    401
-1468.72212413,-1425.59068089;                               761P    402
-1450.98326261,-1435.88697087;                               763P    403
-1439.52742202,-1422.00303352;                               765P    404
-1428.07158142,-1408.11909617;                               767P    405
-1416.8530981,-1397.12658137;                                769P    406
-1404.6296809,-1408.4531252;                                 771P    407
-1413.96557225,-1422.95183524;                               773P    408
-1423.29840021,-1437.4457878;                                775P    409
-1432.60787803,-1451.90347742;                               777P    410
-1396.6094841,-1438.54111258;                                779P    411
-1387.29750583,-1424.07953973;                               781P    412
-1405.91896192,-1452.9988022;                                783P    413
-1415.22843974,-1467.45649182;                               785P    414
-1390.89085899,-1466.06249272;                               787P    415
-1381.59942994,-1451.63283298;                               789P    416
-1363.76765467,-1466.73318928;                               791P    417
-1335.70388516,-1468.33166124;                               793P    418
-1452.070773516,-1473.868650625;                             795P    419
-1437.248548498,-1485.664325095;                             797P    420
-1422.336236618,-1497.346718005;                             799P    421
-1400.00553891,-1480.21767757;                               801P    422
-1410.142324128,-1506.763626615;                             803P    423
-1397.889696328,-1516.104973295;                             805P    424
-1381.61361857,-1494.44812434;                               807P    425
-1373.0401006,-1481.1333681;                                 809P    426
-1350.09246319,-1487.8566653;                                811P    427
-1364.48079707,-1507.38166937;                               813P    428
-1332.91305417,-1499.94749937;                               815P    429
-1318.5231123,-1480.42010154;                                817P    430
-1301.4689367,-1494.4062957;                                 819P    431
-1315.21737777,-1513.77297549;                               821P    432
-1328.76936658,-1532.80939769;                               823P    433
-1296.81097142,-1526.6134487;                                825P    434
-1283.33367496,-1506.89616415;                               827P    435
-1265.73156046,-1520.12980643;                               829P    436
-1279.07715558,-1539.65437537;                               831P    437
-1310.28814579,-1546.33073323;                               833P    438
-1347.31735849,-1519.4641927;                                835P    439
-1292.12597003,-1558.74540759;                               837P    440
-1260.53835514,-1552.34385528;                               839P    441
-1272.92351829,-1570.98514953;                               841P    442
-1253.90729676,-1583.87120901;                               843P    443
-1241.82059925,-1564.76783251;                               845P    444
-1225.01530374,-1575.5951771;                                847P    445
-1237.01961969,-1594.55193706;                               849P    446
-1216.90172781,-1606.9557918;                                851P    447
-1196.63134548,-1619.10847432;                               853P    448
next_sketch
-1477.25366981,-1338.;                                       859P    457
-1498.45366981,-1338.;                                       861P    458
-1518.85366981,-1348.01001899;                               863P    459
-1524.62407955,-1368.;                                       865P    460
-1505.37407955,-1368.;                                       867P    461
-1486.12407955,-1368.;                                       869P    462
-1466.87407955,-1368.;                                       871P    463
-1447.62407955,-1368.;                                       873P    464
-1639.51334749,-1260.52850435;                               875P    465
-1624.75357854,-1247.38275568;                               877P    466
-1609.9938096,-1234.23700701;                                879P    467
-1595.23379649,-1221.09125835;                               881P    468
-1581.14639728,-1235.17549039;                               883P    469
-1595.9523089,-1248.73261601;                                885P    470
-1610.75822052,-1262.28949748;                               887P    471
-1625.56364386,-1275.84637896;                               889P    472
-1611.44670387,-1291.00898017;                               891P    473
-1596.63151482,-1277.07270416;                               893P    474
-1581.81583748,-1263.13618401;                               895P    475
-1567.00040428,-1249.199908;                                 897P    476
-1552.85416715,-1263.22408147;                               899P    477
-1567.62419026,-1277.48823836;                               901P    478
-1582.39396924,-1291.75239524;                               903P    479
-1597.16399235,-1306.01630798;                               905P    480
-1582.71673002,-1320.86470029;                               907P    481
-1568.04704863,-1306.32588517;                               909P    482
-1553.37761139,-1291.7873142;                                911P    483
-1538.70793001,-1277.24849908;                               913P    484
-1524.56169287,-1291.27267255;                               915P    485
-1537.64983097,-1304.58199583;                               917P    486
-1550.73821321,-1317.89156325;                               919P    487
-1563.82659546,-1331.20088654;                               921P    488
-1545.57487898,-1343.30691147;                               923P    489
-1533.42139283,-1330.94822146;                               925P    490
-1521.26790668,-1318.58953145;                               927P    491
-1509.11442052,-1306.23084144;                               929P    492
-1496.05828112,-1319.41208399;                               931P    493
-1511.01093473,-1390.00070456;                               933P    494
-1489.8666515,-1407.79587583;                                935P    495
-1454.57929301,-1388.98997567;                               937P    496
-1438.37531352,-1390.00120998;                               939P    497
-1453.54865779,-1407.7958844;                                941P    498
-1468.72212413,-1425.59068089;                               943P    499
-1439.52742202,-1422.00303352;                               945P    500
-1450.98326261,-1435.88697087;                               947P    501
-1428.07158142,-1408.11909617;                               949P    502
-1416.8530981,-1397.12658137;                                951P    503
-1404.62967845,-1408.45312187;                               953P    504
-1413.9655698,-1422.95183191;                                955P    505
-1423.29839776,-1437.44578448;                               957P    506
-1432.60787558,-1451.90347409;                               959P    507
-1452.070773258,-1473.868650325;                             961P    508
-1415.22843728,-1467.45648849;                               963P    509
-1405.91895947,-1452.99879887;                               965P    510
-1396.60948165,-1438.54110925;                               967P    511
-1387.29750338,-1424.0795364;                                969P    512
-1381.59942749,-1451.63282965;                               971P    513
-1390.89085653,-1466.06248939;                               973P    514
-1363.76765221,-1466.73318595;                               975P    515
-1335.70388516,-1468.33166124;                               977P    516
-1437.248548498,-1485.664325095;                             979P    517
-1422.336236618,-1497.346718005;                             981P    518
-1410.142324128,-1506.763626615;                             983P    519
-1397.889696328,-1516.104973295;                             985P    520
-1400.00553891,-1480.21767757;                               987P    521
-1373.04009815,-1481.13336477;                               989P    522
-1381.61361857,-1494.44812434;                               991P    523
-1350.09246319,-1487.8566653;                                993P    524
-1364.48079707,-1507.38166937;                               995P    525
-1332.91305417,-1499.94749937;                               997P    526
-1318.5231123,-1480.42010154;                                999P    527
-1347.31735849,-1519.4641927;                               1001P    528
-1328.76936658,-1532.80939769;                              1003P    529
-1315.21737777,-1513.77297549;                              1005P    530
-1301.4689367,-1494.4062957;                                1007P    531
-1283.33367496,-1506.89616415;                              1009P    532
-1296.81097142,-1526.6134487;                               1011P    533
-1310.28814579,-1546.33073323;                              1013P    534
-1279.07715558,-1539.65437537;                              1015P    535
-1265.73156046,-1520.12980643;                              1017P    536
-1247.96191152,-1533.22912694;                              1019P    537
-1260.53835514,-1552.34385528;                              1021P    538
-1292.12597003,-1558.74540759;                              1023P    539
-1272.92351829,-1570.98514953;                              1025P    540
-1253.90729676,-1583.87120901;                              1027P    541
-1241.82059925,-1564.76783251;                              1029P    542
-1225.01530374,-1575.5951771;                               1031P    543
-1237.01961969,-1594.55193706;                              1033P    544
-1216.90172781,-1606.9557918;                               1035P    545
-1196.63134548,-1619.10847432;                              1037P    546
next_sketch
-1477.25366981,-1338.;                                      1043P    555
-1498.45366981,-1338.;                                      1045P    556
-1518.85366981,-1348.01001899;                              1047P    557
-1524.62407955,-1368.;                                      1049P    558
-1505.37407955,-1368.;                                      1051P    559
-1486.12407955,-1368.;                                      1053P    560
-1466.87407955,-1368.;                                      1055P    561
-1447.62407955,-1368.;                                      1057P    562
-1609.9938096,-1234.23700701;                               1059P    563
-1595.23379649,-1221.09125835;                              1061P    564
-1624.75357854,-1247.38275568;                              1063P    565
-1639.51334749,-1260.52850435;                              1065P    566
-1625.56364386,-1275.84637896;                              1067P    567
-1610.75822052,-1262.28949748;                              1069P    568
-1595.9523089,-1248.73261601;                               1071P    569
-1581.14639728,-1235.17549039;                              1073P    570
-1567.00040428,-1249.199908;                                1075P    571
-1581.81583748,-1263.13618401;                              1077P    572
-1596.63151482,-1277.07270416;                              1079P    573
-1611.44670387,-1291.00898017;                              1081P    574
-1597.16399235,-1306.01630798;                              1083P    575
-1582.39396924,-1291.75239524;                              1085P    576
-1567.62419026,-1277.48823836;                              1087P    577
-1552.85416715,-1263.22408147;                              1089P    578
-1538.70793001,-1277.24849908;                              1091P    579
-1553.37761139,-1291.7873142;                               1093P    580
-1568.04704863,-1306.32588517;                              1095P    581
-1582.71673002,-1320.86470029;                              1097P    582
-1563.82659546,-1331.20088654;                              1099P    583
-1550.73821321,-1317.89156325;                              1101P    584
-1537.64983097,-1304.58199583;                              1103P    585
-1524.56169287,-1291.27267255;                              1105P    586
-1509.11442052,-1306.23084144;                              1107P    587
-1521.26790668,-1318.58953145;                              1109P    588
-1533.42139283,-1330.94822146;                              1111P    589
-1545.57487898,-1343.30691147;                              1113P    590
-1496.05828112,-1319.41208399;                              1115P    591
-1511.01093473,-1390.00070456;                              1117P    592
-1489.8666515,-1407.79587583;                               1119P    593
-1454.57929301,-1388.98997567;                              1121P    594
-1438.37531352,-1390.00120998;                              1123P    595
-1416.8530981,-1397.12658137;                               1125P    596
-1428.07158142,-1408.11909617;                              1127P    597
-1453.54865779,-1407.7958844;                               1129P    598
-1468.72212413,-1425.59068089;                              1131P    599
-1450.98326261,-1435.88697087;                              1133P    600
-1439.52742202,-1422.00303352;                              1135P    601
-1413.9655698,-1422.95183191;                               1137P    602
-1404.62967845,-1408.45312187;                              1139P    603
-1387.29750338,-1424.0795364;                               1141P    604
-1396.60948165,-1438.54110925;                              1143P    605
-1423.29839776,-1437.44578448;                              1145P    606
-1432.60787558,-1451.90347409;                              1147P    607
-1405.91895947,-1452.99879887;                              1149P    608
-1390.89085653,-1466.06248939;                              1151P    609
-1381.59942749,-1451.63282965;                              1153P    610
-1415.22843728,-1467.45648849;                              1155P    611
-1452.070773258,-1473.868650325;                            1157P    612
-1437.248548498,-1485.664325095;                            1159P    613
-1422.336236618,-1497.346718005;                            1161P    614
-1400.00553891,-1480.21767757;                              1163P    615
-1410.142324128,-1506.763626615;                            1165P    616
-1397.889696586,-1516.104973595;                            1167P    617
-1381.61361857,-1494.44812434;                              1169P    618
-1373.04009815,-1481.13336477;                              1171P    619
-1363.76765221,-1466.73318595;                              1173P    620
-1364.48079707,-1507.38166937;                              1175P    621
-1347.31735849,-1519.4641927;                               1177P    622
-1332.91305417,-1499.94749937;                              1179P    623
-1315.21737777,-1513.77297549;                              1181P    624
-1328.76936658,-1532.80939769;                              1183P    625
-1296.81097142,-1526.6134487;                               1185P    626
-1283.33367496,-1506.89616415;                              1187P    627
-1265.73156046,-1520.12980643;                              1189P    628
-1279.07715558,-1539.65437537;                              1191P    629
-1310.28814579,-1546.33073323;                              1193P    630
-1247.96191152,-1533.22912694;                              1195P    631
-1292.12597003,-1558.74540759;                              1197P    632
-1260.53835514,-1552.34385528;                              1199P    633
-1272.92351829,-1570.98514953;                              1201P    634
-1253.90729676,-1583.87120901;                              1203P    635
-1241.82059925,-1564.76783251;                              1205P    636
-1237.01961969,-1594.55193706;                              1207P    637
-1225.01530374,-1575.5951771;                               1209P    638
-1216.90172781,-1606.9557918;                               1211P    639
-1196.63134548,-1619.10847432;                              1213P    640
next_sketch
-1477.25366981,-1338.;                                      1219P    650
-1498.45366981,-1338.;                                      1221P    651
-1518.85366981,-1348.01001899;                              1223P    652
-1524.62407955,-1368.;                                      1225P    653
-1505.37407955,-1368.;                                      1227P    654
-1486.12407955,-1368.;                                      1229P    655
-1466.87407955,-1368.;                                      1231P    656
-1447.62407955,-1368.;                                      1233P    657
-1609.9938096,-1234.23700701;                               1235P    658
-1595.23379649,-1221.09125835;                              1237P    659
-1581.14639728,-1235.17549039;                              1239P    660
-1624.75357854,-1247.38275568;                              1241P    661
-1639.51334749,-1260.52850435;                              1243P    662
-1625.56364386,-1275.84637896;                              1245P    663
-1610.75822052,-1262.28949748;                              1247P    664
-1595.9523089,-1248.73261601;                               1249P    665
-1581.81583748,-1263.13618401;                              1251P    666
-1567.00040428,-1249.199908;                                1253P    667
-1596.63151482,-1277.07270416;                              1255P    668
-1611.44670387,-1291.00898017;                              1257P    669
-1597.16399235,-1306.01630798;                              1259P    670
-1582.39396924,-1291.75239524;                              1261P    671
-1567.62419026,-1277.48823836;                              1263P    672
-1552.85416715,-1263.22408147;                              1265P    673
-1538.70793001,-1277.24849908;                              1267P    674
-1553.37761139,-1291.7873142;                               1269P    675
-1568.04704863,-1306.32588517;                              1271P    676
-1582.71673002,-1320.86470029;                              1273P    677
-1563.82659546,-1331.20088654;                              1275P    678
-1550.73821321,-1317.89156325;                              1277P    679
-1537.64983097,-1304.58199583;                              1279P    680
-1524.56169287,-1291.27267255;                              1281P    681
-1509.11442052,-1306.23084144;                              1283P    682
-1521.26790668,-1318.58953145;                              1285P    683
-1533.42139283,-1330.94822146;                              1287P    684
-1545.57487898,-1343.30691147;                              1289P    685
-1496.05828112,-1319.41208399;                              1291P    686
-1511.01093473,-1390.00070456;                              1293P    687
-1489.8666515,-1407.79587583;                               1295P    688
-1453.54865779,-1407.7958844;                               1297P    689
-1454.57929301,-1388.98997567;                              1299P    690
-1438.37531352,-1390.00120998;                              1301P    691
-1416.8530981,-1397.12658137;                               1303P    692
-1428.07158142,-1408.11909617;                              1305P    693
-1468.72212413,-1425.59068089;                              1307P    694
-1439.52742202,-1422.00303352;                              1309P    695
-1404.62967259,-1408.45313012;                              1311P    696
-1387.29749752,-1424.07954466;                              1313P    697
-1396.60947579,-1438.5411175;                               1315P    698
-1435.1043329,-1455.7805086;                                1317P    699
-1452.070773258,-1473.868650325;                            1319P    700
-1437.248548498,-1485.664325095;                            1321P    701
-1417.10580092,-1470.3720658;                               1323P    702
-1405.91895361,-1452.99880712;                              1325P    703
-1381.59942162,-1451.6328379;                               1327P    704
-1390.89085067,-1466.06249764;                              1329P    705
-1400.00553891,-1480.21767757;                              1331P    706
-1422.336236618,-1497.346718005;                            1333P    707
-1410.142324128,-1506.763626615;                            1335P    708
-1381.61361857,-1494.44812434;                              1337P    709
-1373.04009228,-1481.13337302;                              1339P    710
-1363.76764635,-1466.7331942;                               1341P    711
-1397.889696328,-1516.104973295;                            1343P    712
-1364.48079707,-1507.38166937;                              1345P    713
-1332.91305417,-1499.94749937;                              1347P    714
-1347.31735849,-1519.4641927;                               1349P    715
-1328.76936658,-1532.80939769;                              1351P    716
-1315.21737777,-1513.77297549;                              1353P    717
-1296.81097142,-1526.6134487;                               1355P    718
-1283.33367496,-1506.89616415;                              1357P    719
-1265.73156046,-1520.12980643;                              1359P    720
-1279.07715558,-1539.65437537;                              1361P    721
-1292.12597003,-1558.74540759;                              1363P    722
-1310.28814579,-1546.33073323;                              1365P    723
-1272.92351829,-1570.98514953;                              1367P    724
-1260.53835514,-1552.34385528;                              1369P    725
-1241.82059925,-1564.76783251;                              1371P    726
-1253.90729676,-1583.87120901;                              1373P    727
-1225.01530374,-1575.5951771;                               1375P    728
-1213.01086572,-1556.63841713;                              1377P    729
-1237.01961969,-1594.55193706;                              1379P    730
-1216.90172781,-1606.9557918;                               1381P    731
-1196.63134548,-1619.10847432;                              1383P    732
-1450.98326261,-1435.88697087;                              1385P    733
next_sketch
