-1564.87624214,-1251.319566572;
-1579.69177387,-1265.255989662;
-1622.6296636,-1249.502755902;
-1637.38928828,-1262.648651558;
-1607.86967271,-1236.356860248;
-1593.10980389,-1223.211086658;
-1579.02250295,-1237.295294918;
-1593.82826961,-1250.852323458;
-1608.6339142,-1264.409352008;
-1623.43968087,-1277.966502618;
-1550.72998132,-1265.343838222;
-1594.50730561,-1279.192534832;
-1609.3225932,-1293.129080002;
-1595.03985634,-1308.136017472;
-1580.26985731,-1293.872201868;
-1565.50010242,-1279.608020052;
-1551.25337734,-1293.907071832;
-1565.9229121,-1308.445667578;
-1536.58396464,-1279.368231952;
-1580.59256893,-1322.984263318;
-1548.85169041,-1345.926966578;
-1535.76357478,-1332.617499128;
-1522.67521501,-1319.308153742;
-1509.58685524,-1305.998930428;
-1496.05692833,-1319.411142428;
-1511.00934067,-1390.000276522;
-1493.74285876,-1391.487678222;
-1489.8650274,-1407.795167952;
-1471.22990434,-1401.561620282;
-1457.92914555,-1385.962357568;
-1418.578646193,-1398.022553337;
-1433.650648273,-1416.359871437;
-1450.482491783,-1435.762060593;
-1415.522443161,-1429.889763166;
-1398.389138021,-1409.027217396;
-1399.189681981,-1443.824214812;
-1432.64413898,-1450.730021992;
-1382.630107361,-1423.158446282;
-1366.661481931,-1437.065798262;
-1350.486923831,-1450.745489142;
-1366.003529611,-1471.015261796;
-1398.68657935,-1477.988395928;
-1380.47073958,-1492.23272544;
-1332.217029041,-1465.72339823;
-1315.346169601,-1479.484647326;
-1329.287147591,-1498.402869552;
-1343.228125591,-1517.321091782;
-1320.944111621,-1530.903767681;
-1308.723417331,-1514.320202591;
-1296.502723041,-1497.736637501;
-1280.265742841,-1509.042012601;
-1304.117312491,-1543.649064091;
-1263.071286881,-1520.749291556;
-1245.745117011,-1532.260525606;
-1228.378663881,-1543.531403201;
-1270.183479181,-1569.500511581;
-1447.624079549,-1367.999993903;
-1466.874079549,-1367.999993903;
-1477.253669809,-1337.999993903;
-1498.453669811,-1337.999993895;
-1486.124079551,-1367.999993895;
-1505.374079549,-1367.999993903;
-1518.853669809,-1348.010012893;
-1524.624079549,-1367.999993903;
next_sketch

-1518.85366979,-1348.01001838;
-1524.62407953,-1367.99999939;
-1505.37407953,-1367.99999939;
-1498.45366979,-1337.99999939;
-1486.12407953,-1367.99999939;
-1466.87407953,-1367.99999939;
-1477.25366979,-1337.99999939;
-1447.62407953,-1367.99999939;
-1595.23379649,-1221.09125835;
-1609.9938096,-1234.23700701;
-1624.75357854,-1247.38275568;
-1639.51334749,-1260.52850435;
-1610.75822052,-1262.28949748;
-1595.9523089,-1248.73261601;
-1581.14639728,-1235.17549039;
-1567.00040428,-1249.199908;
-1581.81583748,-1263.1361840;
-1625.56364386,-1275.84637896;
-1596.63151482,-1277.07270416;
-1611.44670387,-1291.00898017;
-1597.16399235,-1306.01630798;
-1582.39396924,-1291.75239524;
-1567.62419026,-1277.48823836;
-1552.85416715,-1263.22408147;
-1538.70793001,-1277.24849908;
-1553.37761139,-1291.7873142;
-1568.04704863,-1306.32588517;
-1582.71673002,-1320.86470029;
-1550.73821321,-1317.89156325;
-1537.64983097,-1304.58199583;
-1524.56169287,-1291.27267255;
-1563.82659546,-1331.20088654;
-1533.42139869,-1330.9482132;
-1521.26791254,-1318.58952319;
-1509.11442638,-1306.23083318;
-1545.57488484,-1343.30690321;
-1496.05828112,-1319.41208399;
-1511.01093473,-1390.00070456;
-1489.8666515,-1407.79587583;
-1453.54865779,-1407.7958844;
-1454.57929301,-1388.98997567;
-1438.37531352,-1390.00120998;
-1428.07158142,-1408.11909617;
-1416.8530981,-1397.12658137;
-1404.629274,-1408.45352859;
-1413.96516536,-1422.9522386;
-1439.52742202,-1422.00303352;
-1450.98326261,-1435.88697087;
-1423.29799331,-1437.4461912;
-1396.60907721,-1438.54151597;
-1387.29709894,-1424.07994313;
-1432.60747113,-1451.90388082;
-1405.91855502,-1452.99920559;
-1390.89045209,-1466.06289612;
-1381.59902304,-1451.63323637;
-1415.22803284,-1467.45689521;
-1452.07080123,-1473.86868313;
-1437.24857647,-1485.66435791;
-1422.33626459,-1497.34675081;
-1400.00553891,-1480.21767757;
-1381.61361857,-1494.44812434;
-1373.0396937,-1481.13377149;
-1363.76724777,-1466.73359267;
-1350.09246319,-1487.8566653;
-1410.1423521,-1506.76365942;
-1397.88972431,-1516.1050061;
-1364.48079707,-1507.38166937;
-1335.70388516,-1468.33166124;
-1318.5231123,-1480.42010154;
-1332.91305417,-1499.94749937;
-1347.31735849,-1519.4641927;
-1328.76936658,-1532.80939769;
-1315.21737777,-1513.77297549;
-1301.4689367,-1494.4062957;
-1283.33367496,-1506.8961641;
-1296.81097142,-1526.6134487;
-1310.28814579,-1546.33073323;
-1279.07715558,-1539.65437537;
-1292.12597003,-1558.74540759;
-1260.538361,-1552.34384703;
-1241.82060511,-1564.7678242;
-1213.01086572,-1556.63841713;
-1225.01530374,-1575.5951771;
-1253.90730262,-1583.87120076;
-1272.92351829,-1570.98514953;
-1237.01961969,-1594.55193706;
-1216.90172781,-1606.9557918;
-1196.63134548,-1619.10847432;
-1468.72212413,-1425.59068089;
next_sketch

-1518.85366981,-1348.01001919;
-1498.45366981,-1338.0000002;
-1477.25366981,-1338.0000002;
-1505.37407955,-1368.0000002;
-1524.62407955,-1368.0000002;
-1486.12407955,-1368.0000002;
-1466.87407955,-1368.0000002;
-1447.62407955,-1368.0000002;
-1595.23379649,-1221.09125835;
-1609.9938096,-1234.23700701;
-1624.75357854,-1247.38275568;
-1639.51334749,-1260.52850435;
-1625.56364386,-1275.84637896;
-1610.75822052,-1262.28949748;
-1595.9523089,-1248.73261601;
-1581.14639728,-1235.17549039;
-1567.00040428,-1249.199908;
-1581.81583748,-1263.1361840;
-1596.63151482,-1277.07270416;
-1611.44670387,-1291.00898017;
-1582.39396924,-1291.75239524;
-1567.62419026,-1277.48823836;
-1552.85416715,-1263.22408147;
-1538.70793001,-1277.24849908;
-1553.37761139,-1291.7873142;
-1597.16399235,-1306.01630798;
-1568.04704863,-1306.32588517;
-1537.64952278,-1304.58237388;
-1524.56138572,-1291.27304958;
-1509.58579209,-1305.99706581;
-1550.73790398,-1317.89194233;
-1563.82628518,-1331.20126664;
-1582.71673002,-1320.86470029;
-1548.8509012,-1345.92514123;
-1535.7625315,-1332.61578275;
-1522.6741618,-1319.30642428;
-1496.05828112,-1319.41208399;
-1511.01093473,-1390.00070456;
-1489.8666515,-1407.79587583;
-1454.57929301,-1388.98997567;
-1438.37531352,-1390.00120998;
-1453.54865779,-1407.7958844;
-1468.72212413,-1425.59068089;
-1450.98326261,-1435.88697087;
-1439.52742202,-1422.00303352;
-1428.07158142,-1408.11909617;
-1416.8530981,-1397.12658137;
-1404.629354077,-1408.4534999;
-1413.965244297,-1422.952210729;
-1423.298071117,-1437.446164029;
-1452.070773516,-1473.868650625;
-1432.607551592,-1451.903850625;
-1405.918631617,-1452.999177059;
-1387.297181572,-1424.079909395;
-1372.305603567,-1437.200333459;
-1390.890527657,-1466.062866409;
-1415.228112092,-1467.456863655;
-1400.00553891,-1480.21767757;
-1437.248548498,-1485.66432509;
-1422.336236618,-1497.346718005;
-1410.142324128,-1506.763626615;
-1397.889696328,-1516.104973295;
-1381.61361857,-1494.44812434;
-1373.039771882,-1481.13373663;
-1363.767327072,-1466.733557095;
-1354.493265842,-1452.330867235;
-1350.09246319,-1487.8566653;
-1335.70388516,-1468.33166124;
-1364.48079707,-1507.38166937;
-1347.31735849,-1519.4641927;
-1332.91305417,-1499.94749937;
-1318.5231123,-1480.42010154;
-1301.4689367,-1494.4062957;
-1315.21737777,-1513.7729754;
-1328.76936658,-1532.80939769;
-1296.81097142,-1526.6134487;
-1283.33367496,-1506.89616415;
-1279.07715558,-1539.65437537;
-1310.28814579,-1546.33073323;
-1292.12597003,-1558.74540759;
-1260.53835514,-1552.34385528;
-1272.92351829,-1570.98514953;
-1253.90729676,-1583.87120901;
-1241.82059925,-1564.76783251;
-1225.01530374,-1575.5951771;
-1237.01961969,-1594.55193706;
-1216.90172781,-1606.9557918;
-1196.63134548,-1619.10847432;
next_sketch

-1477.25366981,-1338.;
-1498.45366981,-1338.;
-1518.85366981,-1348.0;
-1524.62407955,-1368.;
-1505.37407955,-1368.;
-1486.12407955,-1368.;
-1466.87407955,-1368.;
-1447.62407955,-1368.;
-1595.23379649,-1221.0;
-1609.9938096,-1234.23700701;
-1624.75357854,-1247.38275568;
-1639.51334749,-1260.52850435;
-1625.56364386,-1275.84637896;
-1610.75822052,-1262.28949748;
-1595.9523089,-1248.73261601;
-1581.14639728,-1235.17549039;
-1567.00040428,-1249.199908;
-1581.81583748,-1263.1361840;
-1596.63151482,-1277.07270416;
-1611.44670387,-1291.00898017;
-1597.16399235,-1306.01630798;
-1582.39396924,-1291.75239524;
-1567.62419026,-1277.48823836;
-1552.85416715,-1263.22408147;
-1538.70793001,-1277.24849908;
-1553.37761139,-1291.7873142;
-1568.04704863,-1306.32588517;
-1582.71673002,-1320.86470029;
-1563.82659546,-1331.20088654;
-1550.73821321,-1317.89156325;
-1537.64983097,-1304.58199583;
-1524.56169287,-1291.27267255;
-1509.11442638,-1306.23083318;
-1521.26791254,-1318.58952319;
-1533.42139869,-1330.9482132;
-1545.57488484,-1343.30690321;
-1511.01093473,-1390.00070456;
-1471.6233721,-1402.29770618;
-1453.54865779,-1407.7958844;
-1454.57929301,-1388.98997567;
-1438.37531352,-1390.00120998;
-1468.72212413,-1425.59068089;
-1450.98326261,-1435.88697087;
-1428.07158142,-1408.11909617;
-1416.8530981,-1397.12658137;
-1404.6296809,-1408.4531252;
-1413.96557225,-1422.9518352;
-1423.29840021,-1437.4457878;
-1432.60787803,-1451.90347742;
-1387.29750583,-1424.07953973;
-1372.30593264,-1437.19996122;
-1405.91896192,-1452.9988022;
-1354.49359231,-1452.33050014;
-1415.22843974,-1467.45649182;
-1390.89085899,-1466.06249272;
-1363.76765467,-1466.73318928;
-1400.00553891,-1480.21767757;
-1373.0401006,-1481.1333681;
-1381.61361857,-1494.4481243;
-1452.070773516,-1473.86865062;
-1437.248548498,-1485.664325095;
-1422.336236618,-1497.346718005;
-1410.142324128,-1506.763626615;
-1397.889696586,-1516.104973595;
-1364.48079707,-1507.38166937;
-1350.09246319,-1487.8566653;
-1335.70388516,-1468.33166124;
-1318.5231123,-1480.42010154;
-1332.91305417,-1499.94749937;
-1347.31735849,-1519.4641927;
-1328.76936658,-1532.80939769;
-1315.21737777,-1513.77297549;
-1301.4689367,-1494.4062957;
-1283.33367496,-1506.8961641;
-1296.81097142,-1526.6134487;
-1310.28814579,-1546.33073323;
-1279.07715558,-1539.65437537;
-1265.73156046,-1520.12980643;
-1292.12597003,-1558.74540759;
-1272.92351829,-1570.98514953;
-1260.53835514,-1552.34385528;
-1241.82059925,-1564.76783251;
-1225.01530374,-1575.5951771;
-1253.90729676,-1583.87120901;
-1237.01961969,-1594.55193706;
-1216.90172781,-1606.9557918;
-1196.63134548,-1619.10847432;
-1496.05828112,-1319.41208399;
next_sketch

-1477.25366981,-1338.0000004;
-1498.45366981,-1338.0000004;
-1518.85366981,-1348.01001939;
-1524.62407955,-1368.0000004;
-1505.37407955,-1368.0000004;
-1486.12407955,-1368.0000004;
-1466.87407955,-1368.0000004;
-1447.62407955,-1368.0000004;
-1639.51334749,-1260.52850435;
-1624.75357854,-1247.38275568;
-1609.9938096,-1234.23700701;
-1595.23379649,-1221.09125835;
-1595.9523089,-1248.73261601;
-1610.75822052,-1262.28949748;
-1625.56364386,-1275.84637896;
-1581.14639728,-1235.17549039;
-1567.00040428,-1249.199908;
-1581.81583748,-1263.1361840;
-1596.63151482,-1277.07270416;
-1611.44670387,-1291.00898017;
-1597.16399235,-1306.01630798;
-1582.39396924,-1291.75239524;
-1567.62419026,-1277.48823836;
-1552.85416715,-1263.22408147;
-1538.70793001,-1277.24849908;
-1553.37761139,-1291.7873142;
-1568.04704863,-1306.32588517;
-1582.71673002,-1320.86470029;
-1563.82659546,-1331.20088654;
-1550.73821321,-1317.89156325;
-1537.64983097,-1304.58199583;
-1524.56169287,-1291.27267255;
-1509.11442052,-1306.23084144;
-1521.26790668,-1318.58953145;
-1533.42139283,-1330.94822146;
-1545.57487898,-1343.30691147;
-1496.05828112,-1319.41208399;
-1511.01093473,-1390.00070456;
-1489.8666515,-1407.79587583;
-1454.57929301,-1388.98997567;
-1438.37531352,-1390.00120998;
-1453.54865779,-1407.7958844;
-1468.72212413,-1425.59068089;
-1450.98326261,-1435.88697087;
-1439.52742202,-1422.00303352;
-1428.07158142,-1408.11909617;
-1416.8530981,-1397.12658137;
-1404.6296809,-1408.4531252;
-1413.96557225,-1422.9518352;
-1423.29840021,-1437.4457878;
-1432.60787803,-1451.90347742;
-1396.6094841,-1438.54111258;
-1387.29750583,-1424.07953973;
-1405.91896192,-1452.9988022;
-1415.22843974,-1467.45649182;
-1390.89085899,-1466.06249272;
-1381.59942994,-1451.63283298;
-1363.76765467,-1466.73318928;
-1335.70388516,-1468.33166124;
-1452.070773516,-1473.86865062;
-1437.248548498,-1485.664325095;
-1422.336236618,-1497.346718005;
-1400.00553891,-1480.21767757;
-1410.142324128,-1506.76362661;
-1397.889696328,-1516.104973295;
-1381.61361857,-1494.44812434;
-1373.0401006,-1481.1333681;
-1350.09246319,-1487.8566653;
-1364.48079707,-1507.38166937;
-1332.91305417,-1499.94749937;
-1318.5231123,-1480.42010154;
-1301.4689367,-1494.4062957;
-1315.21737777,-1513.7729754;
-1328.76936658,-1532.80939769;
-1296.81097142,-1526.6134487;
-1283.33367496,-1506.89616415;
-1265.73156046,-1520.12980643;
-1279.07715558,-1539.65437537;
-1310.28814579,-1546.33073323;
-1347.31735849,-1519.4641927;
-1292.12597003,-1558.74540759;
-1260.53835514,-1552.34385528;
-1272.92351829,-1570.98514953;
-1253.90729676,-1583.87120901;
-1241.82059925,-1564.76783251;
-1225.01530374,-1575.5951771;
-1237.01961969,-1594.55193706;
-1216.90172781,-1606.9557918;
-1196.63134548,-1619.10847432;
next_sketch

-1477.25366981,-1338.;
-1498.45366981,-1338.;
-1518.85366981,-1348.0;
-1524.62407955,-1368.;
-1505.37407955,-1368.;
-1486.12407955,-1368.;
-1466.87407955,-1368.;
-1447.62407955,-1368.;
-1639.51334749,-1260.5;
-1624.75357854,-1247.38275568;
-1609.9938096,-1234.23700701;
-1595.23379649,-1221.09125835;
-1581.14639728,-1235.17549039;
-1595.9523089,-1248.73261601;
-1610.75822052,-1262.28949748;
-1625.56364386,-1275.84637896;
-1611.44670387,-1291.00898017;
-1596.63151482,-1277.07270416;
-1581.81583748,-1263.13618401;
-1567.00040428,-1249.199908;
-1552.85416715,-1263.2240814;
-1567.62419026,-1277.48823836;
-1582.39396924,-1291.75239524;
-1597.16399235,-1306.01630798;
-1582.71673002,-1320.86470029;
-1568.04704863,-1306.32588517;
-1553.37761139,-1291.7873142;
-1538.70793001,-1277.24849908;
-1524.56169287,-1291.27267255;
-1537.64983097,-1304.58199583;
-1550.73821321,-1317.89156325;
-1563.82659546,-1331.20088654;
-1545.57487898,-1343.30691147;
-1533.42139283,-1330.94822146;
-1521.26790668,-1318.58953145;
-1509.11442052,-1306.23084144;
-1496.05828112,-1319.41208399;
-1511.01093473,-1390.00070456;
-1489.8666515,-1407.79587583;
-1454.57929301,-1388.98997567;
-1438.37531352,-1390.00120998;
-1453.54865779,-1407.7958844;
-1468.72212413,-1425.59068089;
-1439.52742202,-1422.00303352;
-1450.98326261,-1435.88697087;
-1428.07158142,-1408.11909617;
-1416.8530981,-1397.12658137;
-1404.62967845,-1408.45312187;
-1413.9655698,-1422.95183191;
-1423.29839776,-1437.44578448;
-1432.60787558,-1451.90347409;
-1452.070773258,-1473.86865032;
-1415.22843728,-1467.45648849;
-1405.91895947,-1452.99879887;
-1396.60948165,-1438.54110925;
-1387.29750338,-1424.0795364;
-1381.59942749,-1451.63282965;
-1390.89085653,-1466.06248939;
-1363.76765221,-1466.73318595;
-1335.70388516,-1468.33166124;
-1437.248548498,-1485.66432509;
-1422.336236618,-1497.346718005;
-1410.142324128,-1506.763626615;
-1397.889696328,-1516.104973295;
-1400.00553891,-1480.21767757;
-1373.04009815,-1481.13336477;
-1381.61361857,-1494.44812434;
-1350.09246319,-1487.8566653;
-1364.48079707,-1507.38166937;
-1332.91305417,-1499.94749937;
-1318.5231123,-1480.42010154;
-1347.31735849,-1519.4641927;
-1328.76936658,-1532.80939769;
-1315.21737777,-1513.77297549;
-1301.4689367,-1494.4062957;
-1283.33367496,-1506.8961641;
-1296.81097142,-1526.6134487;
-1310.28814579,-1546.33073323;
-1279.07715558,-1539.65437537;
-1265.73156046,-1520.12980643;
-1247.96191152,-1533.22912694;
-1260.53835514,-1552.34385528;
-1292.12597003,-1558.74540759;
-1272.92351829,-1570.98514953;
-1253.90729676,-1583.87120901;
-1241.82059925,-1564.76783251;
-1225.01530374,-1575.5951771;
-1237.01961969,-1594.55193706;
-1216.90172781,-1606.9557918;
-1196.63134548,-1619.10847432;
next_sketch

-1477.25366981,-1338.;
-1498.45366981,-1338.;
-1518.85366981,-1348.0;
-1524.62407955,-1368.;
-1505.37407955,-1368.;
-1486.12407955,-1368.;
-1466.87407955,-1368.;
-1447.62407955,-1368.;
-1609.9938096,-1234.23;
-1595.23379649,-1221.09125835;
-1624.75357854,-1247.38275568;
-1639.51334749,-1260.52850435;
-1625.56364386,-1275.84637896;
-1610.75822052,-1262.28949748;
-1595.9523089,-1248.73261601;
-1581.14639728,-1235.17549039;
-1567.00040428,-1249.199908;
-1581.81583748,-1263.1361840;
-1596.63151482,-1277.07270416;
-1611.44670387,-1291.00898017;
-1597.16399235,-1306.01630798;
-1582.39396924,-1291.75239524;
-1567.62419026,-1277.48823836;
-1552.85416715,-1263.22408147;
-1538.70793001,-1277.24849908;
-1553.37761139,-1291.7873142;
-1568.04704863,-1306.32588517;
-1582.71673002,-1320.86470029;
-1563.82659546,-1331.20088654;
-1550.73821321,-1317.89156325;
-1537.64983097,-1304.58199583;
-1524.56169287,-1291.27267255;
-1509.11442052,-1306.23084144;
-1521.26790668,-1318.58953145;
-1533.42139283,-1330.94822146;
-1545.57487898,-1343.30691147;
-1496.05828112,-1319.41208399;
-1511.01093473,-1390.00070456;
-1489.8666515,-1407.79587583;
-1454.57929301,-1388.98997567;
-1438.37531352,-1390.00120998;
-1416.8530981,-1397.12658137;
-1428.07158142,-1408.11909617;
-1453.54865779,-1407.7958844;
-1468.72212413,-1425.59068089;
-1450.98326261,-1435.88697087;
-1439.52742202,-1422.00303352;
-1413.9655698,-1422.95183191;
-1404.62967845,-1408.45312187;
-1387.29750338,-1424.0795364;
-1396.60948165,-1438.54110925;
-1423.29839776,-1437.44578448;
-1432.60787558,-1451.90347409;
-1405.91895947,-1452.99879887;
-1390.89085653,-1466.06248939;
-1381.59942749,-1451.63282965;
-1415.22843728,-1467.45648849;
-1452.070773258,-1473.86865032;
-1437.248548498,-1485.664325095;
-1422.336236618,-1497.346718005;
-1400.00553891,-1480.21767757;
-1410.142324128,-1506.76362661;
-1397.889696586,-1516.104973595;
-1381.61361857,-1494.44812434;
-1373.04009815,-1481.13336477;
-1363.76765221,-1466.73318595;
-1364.48079707,-1507.38166937;
-1347.31735849,-1519.4641927;
-1332.91305417,-1499.94749937;
-1315.21737777,-1513.77297549;
-1328.76936658,-1532.80939769;
-1296.81097142,-1526.6134487;
-1283.33367496,-1506.89616415;
-1265.73156046,-1520.12980643;
-1279.07715558,-1539.65437537;
-1310.28814579,-1546.33073323;
-1247.96191152,-1533.22912694;
-1292.12597003,-1558.74540759;
-1260.53835514,-1552.34385528;
-1272.92351829,-1570.98514953;
-1253.90729676,-1583.87120901;
-1241.82059925,-1564.76783251;
-1237.01961969,-1594.55193706;
-1225.01530374,-1575.5951771;
-1216.90172781,-1606.9557918;
-1196.63134548,-1619.10847432;
next_sketch

-1477.25366981,-1338.;
-1498.45366981,-1338.;
-1518.85366981,-1348.0;
-1524.62407955,-1368.;
-1505.37407955,-1368.;
-1486.12407955,-1368.;
-1466.87407955,-1368.;
-1447.62407955,-1368.;
-1609.9938096,-1234.23;
-1595.23379649,-1221.09125835;
-1581.14639728,-1235.17549039;
-1624.75357854,-1247.38275568;
-1639.51334749,-1260.52850435;
-1625.56364386,-1275.84637896;
-1610.75822052,-1262.28949748;
-1595.9523089,-1248.73261601;
-1581.81583748,-1263.13618401;
-1567.00040428,-1249.199908;
-1596.63151482,-1277.0727041;
-1611.44670387,-1291.00898017;
-1597.16399235,-1306.01630798;
-1582.39396924,-1291.75239524;
-1567.62419026,-1277.48823836;
-1552.85416715,-1263.22408147;
-1538.70793001,-1277.24849908;
-1553.37761139,-1291.7873142;
-1568.04704863,-1306.32588517;
-1582.71673002,-1320.86470029;
-1563.82659546,-1331.20088654;
-1550.73821321,-1317.89156325;
-1537.64983097,-1304.58199583;
-1524.56169287,-1291.27267255;
-1509.11442052,-1306.23084144;
-1521.26790668,-1318.58953145;
-1533.42139283,-1330.94822146;
-1545.57487898,-1343.30691147;
-1496.05828112,-1319.41208399;
-1511.01093473,-1390.00070456;
-1489.8666515,-1407.79587583;
-1453.54865779,-1407.7958844;
-1454.57929301,-1388.98997567;
-1438.37531352,-1390.00120998;
-1416.8530981,-1397.12658137;
-1428.07158142,-1408.11909617;
-1468.72212413,-1425.59068089;
-1439.52742202,-1422.00303352;
-1404.62967259,-1408.45313012;
-1387.29749752,-1424.07954466;
-1396.60947579,-1438.5411175;
-1435.1043329,-1455.7805086;
-1452.070773258,-1473.868650;
-1437.248548498,-1485.664325095;
-1417.10580092,-1470.3720658;
-1405.91895361,-1452.99880712;
-1381.59942162,-1451.6328379;
-1390.89085067,-1466.06249764;
-1400.00553891,-1480.21767757;
-1422.336236618,-1497.34671800;
-1410.142324128,-1506.763626615;
-1381.61361857,-1494.44812434;
-1373.04009228,-1481.13337302;
-1363.76764635,-1466.7331942;
-1397.889696328,-1516.1049732;
-1364.48079707,-1507.38166937;
-1332.91305417,-1499.94749937;
-1347.31735849,-1519.4641927;
-1328.76936658,-1532.80939769;
-1315.21737777,-1513.77297549;
-1296.81097142,-1526.6134487;
-1283.33367496,-1506.89616415;
-1265.73156046,-1520.12980643;
-1279.07715558,-1539.65437537;
-1292.12597003,-1558.74540759;
-1310.28814579,-1546.33073323;
-1272.92351829,-1570.98514953;
-1260.53835514,-1552.34385528;
-1241.82059925,-1564.76783251;
-1253.90729676,-1583.87120901;
-1225.01530374,-1575.5951771;
-1213.01086572,-1556.63841713;
-1237.01961969,-1594.55193706;
-1216.90172781,-1606.9557918;
-1196.63134548,-1619.10847432;
-1450.98326261,-1435.88697087;
next_sketch

